   1   0.00000       98  27  37  0.320000E-01  0.000000E+00  0.000000E+00  0.420000E+02  0.180000E+02
   2  0.416667E-01   98  27  37  0.320000E-01  0.000000E+00  0.000000E+00  0.420000E+02  0.140370E+02
   3  0.125000       98  27  37  0.320000E-01  0.000000E+00  0.000000E+00  0.420000E+02  0.188850E+02
   4  0.208333      103  29  37  0.320000E-01  0.000000E+00  0.000000E+00  0.420000E+02  0.405051E+02
   6   20.0000      103  29  37  0.320000E-01  0.000000E+00  0.000000E+00  0.420000E+02  0.200689E+02
   7   20.2080       98  27  37  0.320000E-01  0.000000E+00  0.000000E+00  0.420000E+02  0.399826E+02
   9   22.2500       98  27  37  0.320000E-01  0.000000E+00  0.000000E+00  0.420000E+02  0.378488E+02
  10   22.4580      103  29  37  0.320000E-01  0.000000E+00  0.000000E+00  0.420000E+02  0.402511E+02
  12   27.5000      103  29  37  0.320000E-01  0.000000E+00  0.000000E+00  0.420000E+02  0.299050E+02
  13   27.7080       98  27  37  0.320000E-01  0.000000E+00  0.000000E+00  0.420000E+02  0.400828E+02
  15   29.7500       98  27  37  0.320000E-01  0.000000E+00  0.000000E+00  0.420000E+02  0.382310E+02
  16   29.9580      103  29  37  0.320000E-01  0.000000E+00  0.000000E+00  0.420000E+02  0.402572E+02
  18   32.0000      103  29  37  0.320000E-01  0.000000E+00  0.000000E+00  0.420000E+02  0.393093E+02
  19   32.2080       98  27  37  0.320000E-01  0.000000E+00  0.000000E+00  0.420000E+02  0.402057E+02
  21   35.2500       98  27  37  0.320000E-01  0.000000E+00  0.000000E+00  0.420000E+02  0.347463E+02
  22   35.4580      103  29  37  0.320000E-01  0.000000E+00  0.000000E+00  0.420000E+02  0.402069E+02
  24   37.5000      103  29  37  0.320000E-01  0.000000E+00  0.000000E+00  0.420000E+02  0.391479E+02
  25   37.7080       98  27  37  0.320000E-01  0.000000E+00  0.000000E+00  0.420000E+02  0.402045E+02
  27   39.7500       98  27  37  0.320000E-01  0.000000E+00  0.000000E+00  0.420000E+02  0.384395E+02
  28   39.9580      103  29  37  0.320000E-01  0.000000E+00  0.000000E+00  0.420000E+02  0.402591E+02
  30   43.0000      103  29  37  0.320000E-01  0.000000E+00  0.000000E+00  0.420000E+02  0.369811E+02
  31   43.2080       98  27  37  0.320000E-01  0.000000E+00  0.000000E+00  0.420000E+02  0.401794E+02
  33   46.2500       98  27  37  0.320000E-01  0.000000E+00  0.000000E+00  0.420000E+02  0.346131E+02
  34   46.4580      103  29  37  0.320000E-01  0.000000E+00  0.000000E+00  0.420000E+02  0.401474E+02
  36   51.5000      103  29  37  0.320000E-01  0.000000E+00  0.000000E+00  0.420000E+02  0.298291E+02
  37   51.7080       98  27  37  0.320000E-01  0.000000E+00  0.000000E+00  0.420000E+02  0.400947E+02
  39   58.7500       98  27  37  0.320000E-01  0.000000E+00  0.000000E+00  0.420000E+02  0.226924E+02
  40   58.9580      103  29  37  0.320000E-01  0.000000E+00  0.000000E+00  0.420000E+02  0.400291E+02
  42   62.0000      103  29  37  0.320000E-01  0.000000E+00  0.000000E+00  0.420000E+02  0.366584E+02
  43   62.2080       98  27  37  0.320000E-01  0.000000E+00  0.000000E+00  0.420000E+02  0.401737E+02
  46   67.3056      103  29  37  0.320000E-01  0.140187E-02  0.133175E+02  0.418194E+02  0.269285E+02
  48   67.4340       98  27  37  0.320000E-01  0.127777E-02  0.158193E+02  0.417078E+02  0.406306E+02
  50   74.2673       98  27  37  0.320000E-01  0.529194E-01  0.117776E+03  0.000000E+00  0.327452E+02
  51   74.4756      103  29  37  0.320000E-01  0.521184E-01  0.197757E+03  0.184136E-04  0.401874E+02
  53   81.2676      103  29  37  0.320000E-01  0.469988E-01  0.112006E+03  0.192369E-02  0.267273E+02
  54   81.4756       98  27  37  0.320000E-01  0.462574E-01  0.191927E+03  0.174754E-02  0.400615E+02
  56   88.2676       98  27  37  0.320000E-01  0.528375E-01  0.954633E+02  0.840543E-02  0.229829E+02
  57   88.4756      103  29  37  0.320000E-01  0.520556E-01  0.175425E+03  0.704060E-02  0.400341E+02
  59   95.2676      103  29  37  0.320000E-01  0.377931E-01  0.998658E+02  0.343364E-01  0.241648E+02
  60   95.4756       98  27  37  0.320000E-01  0.372228E-01  0.179791E+03  0.300071E-01  0.400319E+02
  62   102.268       98  27  37  0.320000E-01  0.448770E-01  0.933509E+02  0.743941E-01  0.230345E+02
  63   102.476      103  29  37  0.320000E-01  0.442297E-01  0.173308E+03  0.643526E-01  0.400347E+02
  65   109.268      103  29  37  0.320000E-01  0.335893E-01  0.977829E+02  0.567477E-01  0.244686E+02
  66   109.476       98  27  37  0.320000E-01  0.330825E-01  0.177712E+03  0.501509E-01  0.400333E+02
  68   116.268       98  27  37  0.320000E-01  0.424821E-01  0.931266E+02  0.877204E-01  0.229698E+02
  69   116.476      103  29  37  0.320000E-01  0.418731E-01  0.173084E+03  0.765458E-01  0.400337E+02
  71   123.268      103  29  37  0.320000E-01  0.308141E-01  0.981983E+02  0.558631E-01  0.242532E+02
  72   123.476       98  27  37  0.320000E-01  0.303529E-01  0.178124E+03  0.497944E-01  0.400316E+02
  74   130.268       98  27  37  0.320000E-01  0.385344E-01  0.930631E+02  0.120994E+00  0.230407E+02
  75   130.476      103  29  37  0.320000E-01  0.379905E-01  0.173021E+03  0.106208E+00  0.400340E+02
  77   137.268      103  29  37  0.320000E-01  0.281674E-01  0.980052E+02  0.718667E-01  0.243202E+02
  78   137.476       98  27  37  0.320000E-01  0.277538E-01  0.177929E+03  0.643568E-01  0.400324E+02
  80   144.268       98  27  37  0.320000E-01  0.376977E-01  0.927145E+02  0.956432E-01  0.229718E+02
  81   144.476      103  29  37  0.320000E-01  0.371538E-01  0.172674E+03  0.843618E-01  0.400332E+02
  83   151.268      103  29  37  0.320000E-01  0.273545E-01  0.977470E+02  0.605743E-01  0.244108E+02
  84   151.476       98  27  37  0.320000E-01  0.269523E-01  0.177672E+03  0.544735E-01  0.400337E+02
  86   158.268       98  27  37  0.320000E-01  0.360654E-01  0.929643E+02  0.133700E+00  0.231184E+02
  87   158.476      103  29  37  0.320000E-01  0.355589E-01  0.172920E+03  0.118353E+00  0.400351E+02
   1   0.00000       98  27  37  0.320000E-01  0.000000E+00  0.000000E+00  0.420000E+02  0.180000E+02
   2  0.416667E-01   98  27  37  0.320000E-01  0.000000E+00  0.000000E+00  0.420000E+02  0.140370E+02
   3  0.125000       98  27  37  0.320000E-01  0.000000E+00  0.000000E+00  0.420000E+02  0.188850E+02
   4  0.208333      103  29  37  0.320000E-01  0.000000E+00  0.000000E+00  0.420000E+02  0.405051E+02
   6   20.0000      103  29  37  0.320000E-01  0.000000E+00  0.000000E+00  0.420000E+02  0.200689E+02
   7   20.2080       98  27  37  0.320000E-01  0.000000E+00  0.000000E+00  0.420000E+02  0.399826E+02
   9   22.2500       98  27  37  0.320000E-01  0.000000E+00  0.000000E+00  0.420000E+02  0.378488E+02
  10   22.4580      103  29  37  0.320000E-01  0.000000E+00  0.000000E+00  0.420000E+02  0.402511E+02
  12   27.5000      103  29  37  0.320000E-01  0.000000E+00  0.000000E+00  0.420000E+02  0.299050E+02
  13   27.7080       98  27  37  0.320000E-01  0.000000E+00  0.000000E+00  0.420000E+02  0.400828E+02
  15   29.7500       98  27  37  0.320000E-01  0.000000E+00  0.000000E+00  0.420000E+02  0.382310E+02
  16   29.9580      103  29  37  0.320000E-01  0.000000E+00  0.000000E+00  0.420000E+02  0.402572E+02
  18   32.0000      103  29  37  0.320000E-01  0.000000E+00  0.000000E+00  0.420000E+02  0.393093E+02
  19   32.2080       98  27  37  0.320000E-01  0.000000E+00  0.000000E+00  0.420000E+02  0.402057E+02
  21   35.2500       98  27  37  0.320000E-01  0.000000E+00  0.000000E+00  0.420000E+02  0.347463E+02
  22   35.4580      103  29  37  0.320000E-01  0.000000E+00  0.000000E+00  0.420000E+02  0.402069E+02
  24   37.5000      103  29  37  0.320000E-01  0.000000E+00  0.000000E+00  0.420000E+02  0.391479E+02
  25   37.7080       98  27  37  0.320000E-01  0.000000E+00  0.000000E+00  0.420000E+02  0.402045E+02
  27   39.7500       98  27  37  0.320000E-01  0.000000E+00  0.000000E+00  0.420000E+02  0.384395E+02
  28   39.9580      103  29  37  0.320000E-01  0.000000E+00  0.000000E+00  0.420000E+02  0.402591E+02
  30   43.0000      103  29  37  0.320000E-01  0.000000E+00  0.000000E+00  0.420000E+02  0.369811E+02
  31   43.2080       98  27  37  0.320000E-01  0.000000E+00  0.000000E+00  0.420000E+02  0.401794E+02
  33   46.2500       98  27  37  0.320000E-01  0.000000E+00  0.000000E+00  0.420000E+02  0.346131E+02
  34   46.4580      103  29  37  0.320000E-01  0.000000E+00  0.000000E+00  0.420000E+02  0.401474E+02
  36   51.5000      103  29  37  0.320000E-01  0.000000E+00  0.000000E+00  0.420000E+02  0.298291E+02
  37   51.7080       98  27  37  0.320000E-01  0.000000E+00  0.000000E+00  0.420000E+02  0.400947E+02
  39   58.7500       98  27  37  0.320000E-01  0.000000E+00  0.000000E+00  0.420000E+02  0.226924E+02
  40   58.9580      103  29  37  0.320000E-01  0.000000E+00  0.000000E+00  0.420000E+02  0.400291E+02
  42   62.0000      103  29  37  0.320000E-01  0.000000E+00  0.000000E+00  0.420000E+02  0.366584E+02
  43   62.2080       98  27  37  0.320000E-01  0.000000E+00  0.000000E+00  0.420000E+02  0.401737E+02
  46   67.3056      103  29  37  0.320000E-01  0.147014E-02  0.132362E+02  0.418012E+02  0.269755E+02
  48   67.4340       98  27  37  0.320000E-01  0.136028E-02  0.157053E+02  0.416904E+02  0.406008E+02
  50   74.2673       98  27  37  0.320000E-01  0.451083E-01  0.117934E+03  0.000000E+00  0.318359E+02
  51   74.4756      103  29  37  0.320000E-01  0.444279E-01  0.197905E+03  0.117870E-04  0.401751E+02
  53   81.2676      103  29  37  0.320000E-01  0.394501E-01  0.111186E+03  0.226554E-05  0.266645E+02
  54   81.4756       98  27  37  0.320000E-01  0.388282E-01  0.191109E+03  0.135646E-03  0.400600E+02
  56   88.2676       98  27  37  0.320000E-01  0.462034E-01  0.956787E+02  0.441809E-02  0.231264E+02
  57   88.4756      103  29  37  0.320000E-01  0.455178E-01  0.175645E+03  0.364693E-02  0.400359E+02
  59   95.2676      103  29  37  0.320000E-01  0.328945E-01  0.994168E+02  0.186890E-01  0.242738E+02
  60   95.4756       98  27  37  0.320000E-01  0.323851E-01  0.179338E+03  0.164122E-01  0.400319E+02
  62   102.268       98  27  37  0.320000E-01  0.391137E-01  0.936457E+02  0.419869E-01  0.230430E+02
  63   102.476      103  29  37  0.320000E-01  0.385402E-01  0.173605E+03  0.362864E-01  0.400347E+02
  65   109.268      103  29  37  0.320000E-01  0.273165E-01  0.990069E+02  0.449133E-01  0.243344E+02
  66   109.476       98  27  37  0.320000E-01  0.269037E-01  0.178931E+03  0.397781E-01  0.400326E+02
  68   116.268       98  27  37  0.320000E-01  0.353557E-01  0.926640E+02  0.829908E-01  0.230308E+02
  69   116.476      103  29  37  0.320000E-01  0.348498E-01  0.172620E+03  0.724854E-01  0.400347E+02
  71   123.268      103  29  37  0.320000E-01  0.252959E-01  0.980841E+02  0.429258E-01  0.243203E+02
  72   123.476       98  27  37  0.320000E-01  0.249164E-01  0.178010E+03  0.383056E-01  0.400324E+02
  74   130.268       98  27  37  0.320000E-01  0.339602E-01  0.930113E+02  0.101836E+00  0.229792E+02
  75   130.476      103  29  37  0.320000E-01  0.334754E-01  0.172969E+03  0.894700E-01  0.400340E+02
  77   137.268      103  29  37  0.320000E-01  0.235673E-01  0.980305E+02  0.475659E-01  0.242682E+02
  78   137.476       98  27  37  0.320000E-01  0.232167E-01  0.177959E+03  0.426996E-01  0.400324E+02
  80   144.268       98  27  37  0.320000E-01  0.318972E-01  0.931730E+02  0.795651E-01  0.230656E+02
  81   144.476      103  29  37  0.320000E-01  0.314416E-01  0.173130E+03  0.702616E-01  0.400340E+02
  83   151.268      103  29  37  0.320000E-01  0.219355E-01  0.983726E+02  0.884464E-01  0.242979E+02
  84   151.476       98  27  37  0.320000E-01  0.216161E-01  0.178298E+03  0.794213E-01  0.400290E+02
  86   158.268       98  27  37  0.320000E-01  0.304400E-01  0.929921E+02  0.133620E+00  0.230758E+02
  87   158.476      103  29  37  0.320000E-01  0.300116E-01  0.172951E+03  0.118490E+00  0.400347E+02
   1   0.00000       98  27  37  0.320000E-01  0.000000E+00  0.000000E+00  0.420000E+02  0.180000E+02
   2  0.416667E-01   98  27  37  0.320000E-01  0.000000E+00  0.000000E+00  0.420000E+02  0.140370E+02
   3  0.125000       98  27  37  0.320000E-01  0.000000E+00  0.000000E+00  0.420000E+02  0.188850E+02
   4  0.208333      103  29  37  0.320000E-01  0.000000E+00  0.000000E+00  0.420000E+02  0.405051E+02
   6   20.0000      103  29  37  0.320000E-01  0.000000E+00  0.000000E+00  0.420000E+02  0.200689E+02
   7   20.2080       98  27  37  0.320000E-01  0.000000E+00  0.000000E+00  0.420000E+02  0.399826E+02
   9   22.2500       98  27  37  0.320000E-01  0.000000E+00  0.000000E+00  0.420000E+02  0.378488E+02
  10   22.4580      103  29  37  0.320000E-01  0.000000E+00  0.000000E+00  0.420000E+02  0.402511E+02
  12   27.5000      103  29  37  0.320000E-01  0.000000E+00  0.000000E+00  0.420000E+02  0.299050E+02
  13   27.7080       98  27  37  0.320000E-01  0.000000E+00  0.000000E+00  0.420000E+02  0.400828E+02
  15   29.7500       98  27  37  0.320000E-01  0.000000E+00  0.000000E+00  0.420000E+02  0.382310E+02
  16   29.9580      103  29  37  0.320000E-01  0.000000E+00  0.000000E+00  0.420000E+02  0.402572E+02
  18   32.0000      103  29  37  0.320000E-01  0.000000E+00  0.000000E+00  0.420000E+02  0.393093E+02
  19   32.2080       98  27  37  0.320000E-01  0.000000E+00  0.000000E+00  0.420000E+02  0.402057E+02
  21   35.2500       98  27  37  0.320000E-01  0.000000E+00  0.000000E+00  0.420000E+02  0.347463E+02
  22   35.4580      103  29  37  0.320000E-01  0.000000E+00  0.000000E+00  0.420000E+02  0.402069E+02
  24   37.5000      103  29  37  0.320000E-01  0.000000E+00  0.000000E+00  0.420000E+02  0.391479E+02
  25   37.7080       98  27  37  0.320000E-01  0.000000E+00  0.000000E+00  0.420000E+02  0.402045E+02
  27   39.7500       98  27  37  0.320000E-01  0.000000E+00  0.000000E+00  0.420000E+02  0.384395E+02
  28   39.9580      103  29  37  0.320000E-01  0.000000E+00  0.000000E+00  0.420000E+02  0.402591E+02
  30   43.0000      103  29  37  0.320000E-01  0.000000E+00  0.000000E+00  0.420000E+02  0.369811E+02
  31   43.2080       98  27  37  0.320000E-01  0.000000E+00  0.000000E+00  0.420000E+02  0.401794E+02
  33   46.2500       98  27  37  0.320000E-01  0.000000E+00  0.000000E+00  0.420000E+02  0.346131E+02
  34   46.4580      103  29  37  0.320000E-01  0.000000E+00  0.000000E+00  0.420000E+02  0.401474E+02
  36   51.5000      103  29  37  0.320000E-01  0.000000E+00  0.000000E+00  0.420000E+02  0.298291E+02
  37   51.7080       98  27  37  0.320000E-01  0.000000E+00  0.000000E+00  0.420000E+02  0.400947E+02
  39   58.7500       98  27  37  0.320000E-01  0.000000E+00  0.000000E+00  0.420000E+02  0.226924E+02
  40   58.9580      103  29  37  0.320000E-01  0.000000E+00  0.000000E+00  0.420000E+02  0.400291E+02
  42   62.0000      103  29  37  0.320000E-01  0.000000E+00  0.000000E+00  0.420000E+02  0.366584E+02
  43   62.2080       98  27  37  0.320000E-01  0.000000E+00  0.000000E+00  0.420000E+02  0.401737E+02
  46   67.3056      103  29  37  0.320000E-01  0.172616E-02  0.127353E+02  0.418117E+02  0.270158E+02
  48   67.4340       98  27  37  0.320000E-01  0.233375E-02  0.151474E+02  0.417679E+02  0.406445E+02
  50   74.2673       98  27  37  0.320000E-01  0.200518E+01  0.109894E+03  0.275627E+01  0.322978E+02
  51   74.4756      103  29  37  0.320000E-01  0.202098E+01  0.189709E+03  0.242908E+01  0.401813E+02
  53   81.2676      103  29  37  0.320000E-01  0.817747E+00  0.104629E+03  0.169870E+01  0.266328E+02
  54   81.4756       98  27  37  0.320000E-01  0.821397E+00  0.184464E+03  0.151695E+01  0.400598E+02
  56   88.2676       98  27  37  0.320000E-01  0.411909E+00  0.909338E+02  0.308118E+01  0.230290E+02
  57   88.4756      103  29  37  0.320000E-01  0.415318E+00  0.170732E+03  0.273800E+01  0.400351E+02
  59   95.2676      103  29  37  0.320000E-01  0.366360E+00  0.938124E+02  0.222959E+01  0.243883E+02
  60   95.4756       98  27  37  0.320000E-01  0.368677E+00  0.173625E+03  0.198941E+01  0.400326E+02
  62   102.268       98  27  37  0.320000E-01  0.360265E+00  0.893431E+02  0.316284E+01  0.230908E+02
  63   102.476      103  29  37  0.320000E-01  0.363259E+00  0.169123E+03  0.276969E+01  0.400355E+02
  65   109.268      103  29  37  0.320000E-01  0.416253E+00  0.929186E+02  0.198752E+01  0.242674E+02
  66   109.476       98  27  37  0.320000E-01  0.418501E+00  0.172736E+03  0.174959E+01  0.400316E+02
  68   116.268       98  27  37  0.320000E-01  0.366377E+00  0.891060E+02  0.333700E+01  0.231175E+02
  69   116.476      103  29  37  0.320000E-01  0.369538E+00  0.168843E+03  0.287321E+01  0.400356E+02
  71   123.268      103  29  37  0.320000E-01  0.435722E+00  0.930919E+02  0.218370E+01  0.242616E+02
  72   123.476       98  27  37  0.320000E-01  0.438316E+00  0.172891E+03  0.190275E+01  0.400322E+02
  74   130.268       98  27  37  0.320000E-01  0.390377E+00  0.890130E+02  0.351052E+01  0.231062E+02
  75   130.476      103  29  37  0.320000E-01  0.393838E+00  0.168719E+03  0.296790E+01  0.400357E+02
  77   137.268      103  29  37  0.320000E-01  0.451720E+00  0.925502E+02  0.216999E+01  0.243112E+02
  78   137.476       98  27  37  0.320000E-01  0.454314E+00  0.172333E+03  0.186291E+01  0.400315E+02
  80   144.268       98  27  37  0.320000E-01  0.388870E+00  0.888134E+02  0.347692E+01  0.230031E+02
  81   144.476      103  29  37  0.320000E-01  0.392237E+00  0.168496E+03  0.288191E+01  0.400342E+02
  83   151.268      103  29  37  0.320000E-01  0.467449E+00  0.922147E+02  0.203638E+01  0.242456E+02
  84   151.476       98  27  37  0.320000E-01  0.469887E+00  0.171995E+03  0.172368E+01  0.400263E+02
  86   158.268       98  27  37  0.320000E-01  0.393124E+00  0.889508E+02  0.342326E+01  0.230234E+02
  87   158.476      103  29  37  0.320000E-01  0.396410E+00  0.168609E+03  0.278851E+01  0.400335E+02
   1   0.00000       98  27  37  0.320000E-01  0.000000E+00  0.000000E+00  0.420000E+02  0.180000E+02
   2  0.416667E-01   98  27  37  0.320000E-01  0.000000E+00  0.000000E+00  0.420000E+02  0.140370E+02
   3  0.125000       98  27  37  0.320000E-01  0.000000E+00  0.000000E+00  0.420000E+02  0.188850E+02
   4  0.208333      103  29  37  0.320000E-01  0.000000E+00  0.000000E+00  0.420000E+02  0.405051E+02
   6   20.0000      103  29  37  0.320000E-01  0.000000E+00  0.000000E+00  0.420000E+02  0.200689E+02
   7   20.2080       98  27  37  0.320000E-01  0.000000E+00  0.000000E+00  0.420000E+02  0.399826E+02
   9   22.2500       98  27  37  0.320000E-01  0.000000E+00  0.000000E+00  0.420000E+02  0.378488E+02
  10   22.4580      103  29  37  0.320000E-01  0.000000E+00  0.000000E+00  0.420000E+02  0.402511E+02
  12   27.5000      103  29  37  0.320000E-01  0.000000E+00  0.000000E+00  0.420000E+02  0.299050E+02
  13   27.7080       98  27  37  0.320000E-01  0.000000E+00  0.000000E+00  0.420000E+02  0.400828E+02
  15   29.7500       98  27  37  0.320000E-01  0.000000E+00  0.000000E+00  0.420000E+02  0.382310E+02
  16   29.9580      103  29  37  0.320000E-01  0.000000E+00  0.000000E+00  0.420000E+02  0.402572E+02
  18   32.0000      103  29  37  0.320000E-01  0.000000E+00  0.000000E+00  0.420000E+02  0.393093E+02
  19   32.2080       98  27  37  0.320000E-01  0.000000E+00  0.000000E+00  0.420000E+02  0.402057E+02
  21   35.2500       98  27  37  0.320000E-01  0.000000E+00  0.000000E+00  0.420000E+02  0.347463E+02
  22   35.4580      103  29  37  0.320000E-01  0.000000E+00  0.000000E+00  0.420000E+02  0.402069E+02
  24   37.5000      103  29  37  0.320000E-01  0.000000E+00  0.000000E+00  0.420000E+02  0.391479E+02
  25   37.7080       98  27  37  0.320000E-01  0.000000E+00  0.000000E+00  0.420000E+02  0.402045E+02
  27   39.7500       98  27  37  0.320000E-01  0.000000E+00  0.000000E+00  0.420000E+02  0.384395E+02
  28   39.9580      103  29  37  0.320000E-01  0.000000E+00  0.000000E+00  0.420000E+02  0.402591E+02
  30   43.0000      103  29  37  0.320000E-01  0.000000E+00  0.000000E+00  0.420000E+02  0.369811E+02
  31   43.2080       98  27  37  0.320000E-01  0.000000E+00  0.000000E+00  0.420000E+02  0.401794E+02
  33   46.2500       98  27  37  0.320000E-01  0.000000E+00  0.000000E+00  0.420000E+02  0.346131E+02
  34   46.4580      103  29  37  0.320000E-01  0.000000E+00  0.000000E+00  0.420000E+02  0.401474E+02
  36   51.5000      103  29  37  0.320000E-01  0.000000E+00  0.000000E+00  0.420000E+02  0.298291E+02
  37   51.7080       98  27  37  0.320000E-01  0.000000E+00  0.000000E+00  0.420000E+02  0.400947E+02
  39   58.7500       98  27  37  0.320000E-01  0.000000E+00  0.000000E+00  0.420000E+02  0.226924E+02
  40   58.9580      103  29  37  0.320000E-01  0.000000E+00  0.000000E+00  0.420000E+02  0.400291E+02
  42   62.0000      103  29  37  0.320000E-01  0.000000E+00  0.000000E+00  0.420000E+02  0.366584E+02
  43   62.2080       98  27  37  0.320000E-01  0.000000E+00  0.000000E+00  0.420000E+02  0.401737E+02
  46   67.3056      103  29  37  0.320000E-01  0.516334E-04  0.117503E+02  0.418033E+02  0.269733E+02
  48   67.4340       98  27  37  0.320000E-01  0.115151E-04  0.140655E+02  0.415671E+02  0.405757E+02
  50   74.2673       98  27  37  0.320000E-01  0.913285E-02  0.109535E+03  0.185482E+00  0.322172E+02
  51   74.4756      103  29  37  0.320000E-01  0.794233E-02  0.189494E+03  0.150814E+00  0.401724E+02
  53   81.2676      103  29  37  0.320000E-01  0.757797E-02  0.104772E+03  0.379109E+00  0.266833E+02
  54   81.4756       98  27  37  0.320000E-01  0.654144E-02  0.184667E+03  0.315054E+00  0.400606E+02
  56   88.2676       98  27  37  0.320000E-01  0.855382E-02  0.915940E+02  0.154599E+01  0.230346E+02
  57   88.4756      103  29  37  0.320000E-01  0.747861E-02  0.171446E+03  0.131562E+01  0.400347E+02
  59   95.2676      103  29  37  0.320000E-01  0.651169E-02  0.955984E+02  0.120852E+01  0.244089E+02
  60   95.4756       98  27  37  0.320000E-01  0.563904E-02  0.175444E+03  0.103679E+01  0.400344E+02
  62   102.268       98  27  37  0.320000E-01  0.708635E-02  0.899049E+02  0.228700E+01  0.230853E+02
  63   102.476      103  29  37  0.320000E-01  0.621486E-02  0.169715E+03  0.196837E+01  0.400346E+02
  65   109.268      103  29  37  0.320000E-01  0.611269E-02  0.930972E+02  0.146832E+01  0.241995E+02
  66   109.476       98  27  37  0.320000E-01  0.529931E-02  0.172930E+03  0.126817E+01  0.400317E+02
  68   116.268       98  27  37  0.320000E-01  0.641868E-02  0.891052E+02  0.271197E+01  0.229426E+02
  69   116.476      103  29  37  0.320000E-01  0.564244E-02  0.168885E+03  0.232691E+01  0.400331E+02
  71   123.268      103  29  37  0.320000E-01  0.575943E-02  0.931545E+02  0.170197E+01  0.243290E+02
  72   123.476       98  27  37  0.320000E-01  0.500173E-02  0.172972E+03  0.146728E+01  0.400321E+02
  74   130.268       98  27  37  0.320000E-01  0.633825E-02  0.892612E+02  0.272578E+01  0.230735E+02
  75   130.476      103  29  37  0.320000E-01  0.557670E-02  0.169034E+03  0.231957E+01  0.400345E+02
  77   137.268      103  29  37  0.320000E-01  0.542558E-02  0.932366E+02  0.171078E+01  0.243481E+02
  78   137.476       98  27  37  0.320000E-01  0.471519E-02  0.173050E+03  0.146635E+01  0.400293E+02
  80   144.268       98  27  37  0.320000E-01  0.571668E-02  0.890696E+02  0.269013E+01  0.230201E+02
  81   144.476      103  29  37  0.320000E-01  0.503727E-02  0.168829E+03  0.226034E+01  0.400340E+02
  83   151.268      103  29  37  0.320000E-01  0.564200E-02  0.924909E+02  0.176331E+01  0.241937E+02
  84   151.476       98  27  37  0.320000E-01  0.490454E-02  0.172299E+03  0.150635E+01  0.400308E+02
  86   158.268       98  27  37  0.320000E-01  0.549251E-02  0.895961E+02  0.289110E+01  0.230644E+02
  87   158.476      103  29  37  0.320000E-01  0.484871E-02  0.169328E+03  0.240739E+01  0.400348E+02
   1   0.00000       98  27  37  0.320000E-01  0.000000E+00  0.000000E+00  0.420000E+02  0.180000E+02
   2  0.416667E-01   98  27  37  0.320000E-01  0.000000E+00  0.000000E+00  0.420000E+02  0.140370E+02
   3  0.125000       98  27  37  0.320000E-01  0.000000E+00  0.000000E+00  0.420000E+02  0.188850E+02
   4  0.208333      103  29  37  0.320000E-01  0.000000E+00  0.000000E+00  0.420000E+02  0.405051E+02
   6   20.0000      103  29  37  0.320000E-01  0.000000E+00  0.000000E+00  0.420000E+02  0.200689E+02
   7   20.2080       98  27  37  0.320000E-01  0.000000E+00  0.000000E+00  0.420000E+02  0.399826E+02
   9   22.2500       98  27  37  0.320000E-01  0.000000E+00  0.000000E+00  0.420000E+02  0.378488E+02
  10   22.4580      103  29  37  0.320000E-01  0.000000E+00  0.000000E+00  0.420000E+02  0.402511E+02
  12   27.5000      103  29  37  0.320000E-01  0.000000E+00  0.000000E+00  0.420000E+02  0.299050E+02
  13   27.7080       98  27  37  0.320000E-01  0.000000E+00  0.000000E+00  0.420000E+02  0.400828E+02
  15   29.7500       98  27  37  0.320000E-01  0.000000E+00  0.000000E+00  0.420000E+02  0.382310E+02
  16   29.9580      103  29  37  0.320000E-01  0.000000E+00  0.000000E+00  0.420000E+02  0.402572E+02
  18   32.0000      103  29  37  0.320000E-01  0.000000E+00  0.000000E+00  0.420000E+02  0.393093E+02
  19   32.2080       98  27  37  0.320000E-01  0.000000E+00  0.000000E+00  0.420000E+02  0.402057E+02
  21   35.2500       98  27  37  0.320000E-01  0.000000E+00  0.000000E+00  0.420000E+02  0.347463E+02
  22   35.4580      103  29  37  0.320000E-01  0.000000E+00  0.000000E+00  0.420000E+02  0.402069E+02
  24   37.5000      103  29  37  0.320000E-01  0.000000E+00  0.000000E+00  0.420000E+02  0.391479E+02
  25   37.7080       98  27  37  0.320000E-01  0.000000E+00  0.000000E+00  0.420000E+02  0.402045E+02
  27   39.7500       98  27  37  0.320000E-01  0.000000E+00  0.000000E+00  0.420000E+02  0.384395E+02
  28   39.9580      103  29  37  0.320000E-01  0.000000E+00  0.000000E+00  0.420000E+02  0.402591E+02
  30   43.0000      103  29  37  0.320000E-01  0.000000E+00  0.000000E+00  0.420000E+02  0.369811E+02
  31   43.2080       98  27  37  0.320000E-01  0.000000E+00  0.000000E+00  0.420000E+02  0.401794E+02
  33   46.2500       98  27  37  0.320000E-01  0.000000E+00  0.000000E+00  0.420000E+02  0.346131E+02
  34   46.4580      103  29  37  0.320000E-01  0.000000E+00  0.000000E+00  0.420000E+02  0.401474E+02
  36   51.5000      103  29  37  0.320000E-01  0.000000E+00  0.000000E+00  0.420000E+02  0.298291E+02
  37   51.7080       98  27  37  0.320000E-01  0.000000E+00  0.000000E+00  0.420000E+02  0.400947E+02
  39   58.7500       98  27  37  0.320000E-01  0.000000E+00  0.000000E+00  0.420000E+02  0.226924E+02
  40   58.9580      103  29  37  0.320000E-01  0.000000E+00  0.000000E+00  0.420000E+02  0.400291E+02
  42   62.0000      103  29  37  0.320000E-01  0.000000E+00  0.000000E+00  0.420000E+02  0.366584E+02
  43   62.2080       98  27  37  0.320000E-01  0.000000E+00  0.000000E+00  0.420000E+02  0.401737E+02
  46   67.3056      103  29  37  0.320000E-01  0.489422E-04  0.140386E+02  0.417918E+02  0.270077E+02
  48   67.4340       98  27  37  0.320000E-01  0.762557E-05  0.166222E+02  0.417073E+02  0.405712E+02
  50   74.2673       98  27  37  0.320000E-01  0.604834E-03  0.123146E+03  0.357880E+02  0.315763E+02
  51   74.4756      103  29  37  0.320000E-01  0.527838E-03  0.203118E+03  0.357341E+02  0.401709E+02
  53   81.2676      103  29  37  0.320000E-01  0.243125E-02  0.114139E+03  0.237839E+02  0.267430E+02
  54   81.4756       98  27  37  0.320000E-01  0.210348E-02  0.194026E+03  0.235855E+02  0.400608E+02
  56   88.2676       98  27  37  0.320000E-01  0.766627E-02  0.958788E+02  0.117699E+02  0.229765E+02
  57   88.4756      103  29  37  0.320000E-01  0.668096E-02  0.175793E+03  0.114911E+02  0.400348E+02
  59   95.2676      103  29  37  0.320000E-01  0.854800E-02  0.981050E+02  0.668840E+01  0.242823E+02
  60   95.4756       98  27  37  0.320000E-01  0.737608E-02  0.177992E+03  0.641826E+01  0.400329E+02
  62   102.268       98  27  37  0.320000E-01  0.124440E-01  0.925359E+02  0.786280E+01  0.230470E+02
  63   102.476      103  29  37  0.320000E-01  0.108355E-01  0.172450E+03  0.754876E+01  0.400346E+02
  65   109.268      103  29  37  0.320000E-01  0.971869E-02  0.975747E+02  0.482728E+01  0.243426E+02
  66   109.476       98  27  37  0.320000E-01  0.838571E-02  0.177467E+03  0.457327E+01  0.400335E+02
  68   116.268       98  27  37  0.320000E-01  0.123706E-01  0.924960E+02  0.715311E+01  0.229703E+02
  69   116.476      103  29  37  0.320000E-01  0.107735E-01  0.172409E+03  0.683446E+01  0.400331E+02
  71   123.268      103  29  37  0.320000E-01  0.999903E-02  0.974781E+02  0.471085E+01  0.243918E+02
  72   123.476       98  27  37  0.320000E-01  0.862752E-02  0.177363E+03  0.445163E+01  0.400334E+02
  74   130.268       98  27  37  0.320000E-01  0.126266E-01  0.928136E+02  0.688424E+01  0.229864E+02
  75   130.476      103  29  37  0.320000E-01  0.109986E-01  0.172730E+03  0.657168E+01  0.400336E+02
  77   137.268      103  29  37  0.320000E-01  0.924110E-02  0.972299E+02  0.440567E+01  0.243767E+02
  78   137.476       98  27  37  0.320000E-01  0.797661E-02  0.177124E+03  0.416329E+01  0.400277E+02
  80   144.268       98  27  37  0.320000E-01  0.113945E-01  0.928574E+02  0.677892E+01  0.229937E+02
  81   144.476      103  29  37  0.320000E-01  0.992890E-02  0.172774E+03  0.647272E+01  0.400339E+02
  83   151.268      103  29  37  0.320000E-01  0.873398E-02  0.972736E+02  0.445131E+01  0.242861E+02
  84   151.476       98  27  37  0.320000E-01  0.754157E-02  0.177166E+03  0.421070E+01  0.400314E+02
  86   158.268       98  27  37  0.320000E-01  0.113225E-01  0.924934E+02  0.696691E+01  0.230651E+02
  87   158.476      103  29  37  0.320000E-01  0.986769E-02  0.172408E+03  0.665769E+01  0.400345E+02
