1          27.44
2          22
3          21
4          20
5          19
6          18
7          17
8          16.5
9          16
10         15.5
11         15
12         14.5
13         14
14         13.5
15         13
16         12.5
17         12
18         11.5
19         11
20         10.5
21         10
22         9.5
23         9
24         8.5
25         8
26         7.5
27         7.25
28         7
29         6.75
30         6.5
31         6.25
32         6
33         5.75
34         5.5
35         5
36         4.5
37         4
38         3.5
39         3
40         2.5
41         2
42         1.5
43         1
44         0.5
45         0

