  Simulation                Time       seed1       seed2    seedbiom       iseed      iseed2
           1 2017/02/24 10:06:34   134438234   965561765  1474858187       38234       61765   344382340
           2 2017/02/26  3:46:07   285504053   814495946   428760057        4053       95946  1855040530
           3 2017/02/28  3:57:43   236763558   863236441  1763299034       63558       36441  1367635580
           4 2017/03/01 22:35:47   175824061   924175938  1653123266       24061       75938   758240610
           5 2017/03/03 17:11:58   114559983   985440016   239765812       59983       40016   145599830
           6 2017/03/05  9:02:24   267930920   832069079  1793655349       30920       69079  1679309200
           7 2017/03/07  3:51:45   196609337   903390662  1786968313        9337       90662   966093370
           8 2017/03/08 20:00:19   136021785   963978214   203605928       21785       78214   360217850
           9 2017/03/10 12:11:51   280535659   819464340  1616777678       35659       64340  1805356590
          10 2017/03/12  6:28:37   210480009   889519990  1809743112       80009       19990  1104800090
          11 2017/03/14  1:15:07   144338082   955661917   969304038       38082       61917   443380820
          12 2017/06/24  9:21:08   184654570   915345429  1873407460       54570       45429   846545700
          13 2017/06/26  2:05:13   120872988   979127011  1039637106       72988       27011   208729880
          14 2017/06/27 19:03:35   267517680   832482319  1608798570       17680       82319  1675176800
          15 2017/06/29 13:30:31   200271804   899728195   642648342       71804       28195  1002718040
          16 2017/07/01  5:45:51   138340246   961659753  1588733460       40246       59753   383402460
          17 2017/07/03  0:22:44   283260304   816739695   611670944       60304       39695  1832603040
          18 2017/07/05  3:09:20   261086302   838913697  1227925764       86302       13697  1610863020
          19 2017/07/06 22:18:21   189973553   910026446  1764618427       73553       26446   899735530
          20 2017/07/08 15:24:17   130566105   969433894  2125222392       66105       33894   305661050
          21 2017/07/10  7:32:50   278522392   821477607  1640137296       22392       77607  1785223920
          22 2017/07/12  2:15:12   208287235   891712764  1387548734       87235       12764  1082872350
          23 2017/07/13 18:58:37   147280660   952719339   771006168       80660       19339   472806600
          24 2017/07/21  2:52:35   133054381   966945618  1184711090       54381       45618   330543810
          25 2017/07/22 19:38:21   282880447   817119552    20081766       80447       19552  1828804470
          26 2017/07/24 12:26:32   214878355   885121644   925868542       78355       21644  1148783550
          27 2017/07/26  5:27:45   147020637   952979362  2135090400       20637       79362   470206370
          28 2017/07/29  2:56:23   182666341   917333658   888190738       66341       33658   826663410
          29 2017/07/30 20:19:23   115315902   984684097   596906750       15902       84097   153159020
          30 2017/08/01 14:26:33   264295760   835704239  1776787101       95760        4239  1642957600
          31 2017/08/03  8:07:57   201178349   898821650  1663083985       78349       21650  1011783490
          32 2017/08/05  0:43:05   136513863   963486136   309238724       13863       86136   365138630
          33 2017/08/06 18:05:47   282621848   817378151   425908237       21848       78151  1826218480
          34 2017/08/08  9:50:47   216835653   883164346  1358294704       35653       64346  1168356530
          35 2017/08/10  3:07:25   145188336   954811663  1228505546       88336       11663   451883360
          36 2017/08/11 20:44:22   293785956   806214043  1043956194       85956       14043  1937859560
          37 2017/08/13 15:19:02   228855472   871144527  1945198496       55472       44527  1288554720
          38 2017/08/15 10:19:37   167387095   932612904  1355683970       87095       12904   673870950
          39 2017/08/17  3:37:23   108158320   991841679   397949472       58320       41679    81583200
          40 2017/08/18 21:09:19   256139904   843860095  1284756782       39904       60095  1561399040
          41 2017/08/20 15:19:33   190908514   909091485  1010993044        8514       91485   909085140
          42 2017/08/22  9:59:20   127973650   972026349   678167604       73650       26349   279736500
          43 2017/08/24  4:29:10   281561488   818438511   782442720       61488       38511  1815614880
