   1   0.00000       98  27  37  0.320000E-01  0.000000E+00  0.000000E+00  0.420000E+02  0.180000E+02
   2  0.416667E-01   98  27  37  0.320000E-01  0.000000E+00  0.000000E+00  0.420000E+02  0.140370E+02
   3  0.125000       98  27  37  0.320000E-01  0.000000E+00  0.000000E+00  0.420000E+02  0.188850E+02
   4  0.208333      103  29  37  0.320000E-01  0.000000E+00  0.000000E+00  0.420000E+02  0.405051E+02
   6   20.0000      103  29  37  0.320000E-01  0.000000E+00  0.000000E+00  0.420000E+02  0.200689E+02
   7   20.2080       98  27  37  0.320000E-01  0.000000E+00  0.000000E+00  0.420000E+02  0.399826E+02
   9   22.2500       98  27  37  0.320000E-01  0.000000E+00  0.000000E+00  0.420000E+02  0.378488E+02
  10   22.4580      103  29  37  0.320000E-01  0.000000E+00  0.000000E+00  0.420000E+02  0.402511E+02
  12   27.5000      103  29  37  0.320000E-01  0.000000E+00  0.000000E+00  0.420000E+02  0.299050E+02
  13   27.7080       98  27  37  0.320000E-01  0.000000E+00  0.000000E+00  0.420000E+02  0.400828E+02
  15   29.7500       98  27  37  0.320000E-01  0.000000E+00  0.000000E+00  0.420000E+02  0.382310E+02
  16   29.9580      103  29  37  0.320000E-01  0.000000E+00  0.000000E+00  0.420000E+02  0.402572E+02
  18   32.0000      103  29  37  0.320000E-01  0.000000E+00  0.000000E+00  0.420000E+02  0.393093E+02
  19   32.2080       98  27  37  0.320000E-01  0.000000E+00  0.000000E+00  0.420000E+02  0.402057E+02
  21   35.2500       98  27  37  0.320000E-01  0.000000E+00  0.000000E+00  0.420000E+02  0.347463E+02
  22   35.4580      103  29  37  0.320000E-01  0.000000E+00  0.000000E+00  0.420000E+02  0.402069E+02
  24   37.5000      103  29  37  0.320000E-01  0.000000E+00  0.000000E+00  0.420000E+02  0.391479E+02
  25   37.7080       98  27  37  0.320000E-01  0.000000E+00  0.000000E+00  0.420000E+02  0.402045E+02
  27   39.7500       98  27  37  0.320000E-01  0.000000E+00  0.000000E+00  0.420000E+02  0.384395E+02
  28   39.9580      103  29  37  0.320000E-01  0.000000E+00  0.000000E+00  0.420000E+02  0.402591E+02
  30   43.0000      103  29  37  0.320000E-01  0.000000E+00  0.000000E+00  0.420000E+02  0.369811E+02
  31   43.2080       98  27  37  0.320000E-01  0.000000E+00  0.000000E+00  0.420000E+02  0.401794E+02
  33   46.2500       98  27  37  0.320000E-01  0.000000E+00  0.000000E+00  0.420000E+02  0.346131E+02
  34   46.4580      103  29  37  0.320000E-01  0.000000E+00  0.000000E+00  0.420000E+02  0.401474E+02
  36   51.5000      103  29  37  0.320000E-01  0.000000E+00  0.000000E+00  0.420000E+02  0.298291E+02
  37   51.7080       98  27  37  0.320000E-01  0.000000E+00  0.000000E+00  0.420000E+02  0.400947E+02
  39   58.7500       98  27  37  0.320000E-01  0.000000E+00  0.000000E+00  0.420000E+02  0.226924E+02
  40   58.9580      103  29  37  0.320000E-01  0.000000E+00  0.000000E+00  0.420000E+02  0.400291E+02
  42   62.0000      103  29  37  0.320000E-01  0.000000E+00  0.000000E+00  0.420000E+02  0.366584E+02
  43   62.2080       98  27  37  0.320000E-01  0.000000E+00  0.000000E+00  0.420000E+02  0.401737E+02
  46   67.3056      103  29  37  0.320000E-01  0.140187E-02  0.133175E+02  0.418194E+02  0.269285E+02
  48   67.4340       98  27  37  0.320000E-01  0.127777E-02  0.158193E+02  0.417078E+02  0.406306E+02
  50   74.2673       98  27  37  0.320000E-01  0.529194E-01  0.117776E+03  0.000000E+00  0.327452E+02
  51   74.4756      103  29  37  0.320000E-01  0.521184E-01  0.197757E+03  0.184136E-04  0.401874E+02
  53   81.2676      103  29  37  0.320000E-01  0.469988E-01  0.112006E+03  0.192369E-02  0.267273E+02
  54   81.4756       98  27  37  0.320000E-01  0.462574E-01  0.191927E+03  0.174754E-02  0.400615E+02
  56   88.2676       98  27  37  0.320000E-01  0.528375E-01  0.954633E+02  0.840543E-02  0.229829E+02
  57   88.4756      103  29  37  0.320000E-01  0.520556E-01  0.175425E+03  0.704060E-02  0.400341E+02
  59   95.2676      103  29  37  0.320000E-01  0.377931E-01  0.998658E+02  0.343364E-01  0.241648E+02
  60   95.4756       98  27  37  0.320000E-01  0.372228E-01  0.179791E+03  0.300071E-01  0.400319E+02
  62   102.268       98  27  37  0.320000E-01  0.448770E-01  0.933509E+02  0.743941E-01  0.230345E+02
  63   102.476      103  29  37  0.320000E-01  0.442297E-01  0.173308E+03  0.643526E-01  0.400347E+02
  65   109.268      103  29  37  0.320000E-01  0.335893E-01  0.977829E+02  0.567477E-01  0.244686E+02
  66   109.476       98  27  37  0.320000E-01  0.330825E-01  0.177712E+03  0.501509E-01  0.400333E+02
  68   116.268       98  27  37  0.320000E-01  0.424821E-01  0.931266E+02  0.877204E-01  0.229698E+02
  69   116.476      103  29  37  0.320000E-01  0.418731E-01  0.173084E+03  0.765458E-01  0.400337E+02
  71   123.268      103  29  37  0.320000E-01  0.308141E-01  0.981983E+02  0.558631E-01  0.242532E+02
  72   123.476       98  27  37  0.320000E-01  0.303529E-01  0.178124E+03  0.497944E-01  0.400316E+02
  74   130.268       98  27  37  0.320000E-01  0.385344E-01  0.930631E+02  0.120994E+00  0.230407E+02
  75   130.476      103  29  37  0.320000E-01  0.379905E-01  0.173021E+03  0.106208E+00  0.400340E+02
  77   137.268      103  29  37  0.320000E-01  0.281674E-01  0.980052E+02  0.718667E-01  0.243202E+02
  78   137.476       98  27  37  0.320000E-01  0.277538E-01  0.177929E+03  0.643568E-01  0.400324E+02
  80   144.268       98  27  37  0.320000E-01  0.376977E-01  0.927145E+02  0.956432E-01  0.229718E+02
  81   144.476      103  29  37  0.320000E-01  0.371538E-01  0.172674E+03  0.843618E-01  0.400332E+02
  83   151.268      103  29  37  0.320000E-01  0.273545E-01  0.977470E+02  0.605743E-01  0.244108E+02
  84   151.476       98  27  37  0.320000E-01  0.269523E-01  0.177672E+03  0.544735E-01  0.400337E+02
  86   158.268       98  27  37  0.320000E-01  0.360654E-01  0.929643E+02  0.133700E+00  0.231184E+02
  87   158.476      103  29  37  0.320000E-01  0.355589E-01  0.172920E+03  0.118353E+00  0.400351E+02
